MTI830 - Forage de textes et de données audiovisuelles
M'Hand Kedjar - August 2016
Ce ficher contient les résultats de simulation pour l'article
"Utilisation des Descripteurs SIFT pour la Reconnaissance Faciale"

Les 3 algorithmes considérés sont: SIFT, PCA, et HOG+SVM
Les 3 bases de données considérées sont: ORL, YALE, et CALTECH
Les résultats sont donnés sous forme matricielle
Chaque colonne correspond à  une valeur de r (ratio entre les ensembles d'apprentissage et de test)
Chaque ligne correspond à  une autre tentative d'exécution de l'algorithme

% Renommer le fichier siftWin32.exec à siftWin32.exe (dans le dossier: code source/sift)
% Rename the file siftWin32.exec to siftWin32.exe (in the folder: code source/sift)
**********************
Résultats de Précision
**********************
p_sift_orl =
r =  0.1	   0.2       0.3       0.4       0.5       0.6       0.7       0.8       0.9
n =
1    0.6250    0.7844    0.8786    0.8875    0.9650    0.9563    0.9917    1.0000    0.9750
2    0.6444    0.7906    0.9000    0.9500    0.9050    0.9500    0.9750    0.9875    0.9750
3    0.6194    0.7656    0.8464    0.8958    0.9350    0.9750    0.9750    0.9625    1.0000
4    0.6083    0.7281    0.8393    0.9333    0.9250    0.9500    0.9833    0.9625    0.9750
5    0.6222    0.7750    0.8786    0.9625    0.9450    0.9688    0.9667    1.0000    1.0000
6    0.6000    0.7781    0.8964    0.9125    0.9250    0.9688    0.9750    0.9750    0.9750
7    0.6139    0.7438    0.8679    0.8875    0.9650    0.9500    0.9917    0.9875    1.0000
8    0.6222    0.7844    0.8393    0.9042    0.9500    0.9812    0.9583    0.9625    0.9750
9    0.6250    0.8063    0.8929    0.9250    0.9400    0.9688    0.9833    1.0000    0.9750
10   0.6000    0.7438    0.8643    0.9000    0.9150    0.9500    0.9500    1.0000    0.9750


p_sift_yale =

    0.7067    0.7037    0.7500    0.8952    0.8000    0.9000    0.8667    0.7333    0.7333
    0.6467    0.7778    0.8083    0.8286    0.8267    0.7833    0.9111    0.7667    0.8667
    0.6267    0.6963    0.8083    0.8381    0.8267    0.8333    0.8444    0.8000    0.8667
    0.5067    0.7926    0.7500    0.8190    0.8133    0.8333    0.7111    0.8333    0.8000
    0.5733    0.7704    0.7833    0.7810    0.8400    0.8000    0.8444    0.8333    0.6667
    0.5867    0.8148    0.8083    0.7905    0.8400    0.8833    0.8000    0.9667    0.8000
    0.5600    0.7556    0.8583    0.8286    0.8400    0.9000    0.8667    0.7000    0.7333
    0.4333    0.7778    0.8167    0.8476    0.8400    0.8667    0.8000    0.8000    0.8000
    0.5533    0.7185    0.7917    0.8190    0.8400    0.8833    0.8444    0.7667    0.8000
    0.5467    0.8148    0.8417    0.8286    0.8267    0.8000    0.9111    0.8000    0.8667


p_sift_caltech =

	                0.9190    0.9446    0.9513    0.9442    0.9494    0.9389    1.0000
			0.9134    0.9283    0.9363    0.9488    0.9494    0.9695    0.9770
			0.9162    0.9414    0.9513    0.9256    0.9326    0.9466    0.9310
			0.9134    0.9414    0.9363    0.9581    0.9326    0.9771    0.9310
			0.9246    0.9349    0.9363    0.9488    0.9607    0.9618    0.9770
			0.9302    0.9414    0.9476    0.9581    0.9438    0.9542    0.9655
			0.9246    0.9414    0.9288    0.9302    0.9551    0.9542    0.9195
			0.9190    0.9381    0.9438    0.9674    0.9494    0.9542    0.9540
			0.9050    0.9446    0.9288    0.9488    0.9494    0.9771    0.9540
			0.9358    0.9479    0.9625    0.9535    0.9382    0.9924    0.9310


p_pca_orl =

    0.6056    0.7094    0.7821    0.8250    0.8900    0.9250    0.9583    0.9875    0.9750
    0.5389    0.7625    0.7571    0.8500    0.8950    0.9500    0.8833    0.9750    0.9750
    0.5333    0.7562    0.8214    0.9000    0.8800    0.9250    0.9250    0.9375    0.9500
    0.6250    0.7469    0.8357    0.8292    0.9250    0.9250    0.9667    0.9000    0.9500
    0.5833    0.7031    0.7893    0.8667    0.9100    0.9187    0.9500    0.9375    0.9250
    0.5806    0.7094    0.7607    0.7917    0.9100    0.9313    0.9500    0.9375    1.0000
    0.5861    0.6875    0.7929    0.8958    0.8400    0.9375    0.9333    0.9375    0.9500
    0.6111    0.7531    0.7679    0.8833    0.9000    0.8875    0.9333    1.0000    0.9500
    0.5639    0.6875    0.7893    0.8500    0.8650    0.8750    0.9417    0.9500    0.9750
    0.5889    0.7094    0.8286    0.8667    0.8600    0.9187    0.9083    0.9125    0.9500


p_pca_yale =

    0.4267    0.5333    0.5917    0.6476    0.6667    0.6533    0.7000    0.7333    0.6333
    0.5000    0.5185    0.5917    0.6190    0.6444    0.6267    0.7000    0.6667    0.7667
    0.3867    0.4444    0.5417    0.6286    0.5889    0.6533    0.6500    0.7556    0.7333
    0.4467    0.4963    0.5583    0.6476    0.6667    0.6267    0.6333    0.7333    0.6333
    0.3400    0.5185    0.5667    0.6190    0.6667    0.6400    0.7500    0.6444    0.7667
    0.4200    0.4815    0.5750    0.6095    0.6444    0.6800    0.6833    0.7556    0.6000
    0.3333    0.5111    0.6167    0.6190    0.6556    0.5867    0.6667    0.6222    0.6333
    0.4600    0.4667    0.6167    0.6286    0.6000    0.6000    0.6333    0.7111    0.7000
    0.3000    0.5333    0.6167    0.6286    0.6889    0.6800    0.6667    0.7778    0.5333
    0.3333    0.4889    0.5417    0.5333    0.5667    0.6800    0.7000    0.6222    0.7333


p_pca_caltech =

    0.1789    0.2659    0.2461    0.2883    0.2609    0.3224    0.2727    0.2083    0.3214
    0.1225    0.2050    0.2336    0.2847    0.2609    0.3443    0.2937    0.2813    0.3393
    0.1642    0.2853    0.2523    0.2336    0.2826    0.2842    0.3147    0.2917    0.3036
    0.1299    0.2355    0.2368    0.2737    0.2348    0.3060    0.2867    0.3021    0.3929
    0.2157    0.2244    0.2430    0.2226    0.3000    0.2842    0.3427    0.2708    0.2321
    0.1887    0.2133    0.2305    0.2883    0.2435    0.3115    0.2727    0.2708    0.2679
    0.1667    0.1662    0.2741    0.2555    0.2913    0.3005    0.3007    0.2708    0.3393
    0.1936    0.2438    0.2773    0.2737    0.2391    0.3005    0.3217    0.3333    0.2679
    0.1373    0.2382    0.3146    0.2372    0.3043    0.2951    0.3287    0.3125    0.2679
    0.2279    0.2438    0.2617    0.2810    0.2739    0.2787    0.3077    0.3229    0.3750


p_hog_orl =

    0.4361    0.6125    0.7286    0.7958    0.7850    0.8250    0.9000    0.8125    0.8000
    0.4167    0.6000    0.6679    0.7667    0.7950    0.8250    0.8833    0.8875    0.9750
    0.4361    0.5687    0.6286    0.7542    0.7550    0.8250    0.8583    0.9125    0.8500
    0.4333    0.5781    0.6929    0.7167    0.7850    0.8125    0.8583    0.8750    0.9250
    0.4222    0.5875    0.7036    0.7042    0.8350    0.8438    0.8500    0.8750    0.9250
    0.4139    0.5437    0.7393    0.6625    0.8050    0.8500    0.8000    0.8625    0.9000
    0.4500    0.5531    0.6857    0.7417    0.8350    0.7562    0.8083    0.8625    0.9000
    0.4472    0.6000    0.6893    0.7583    0.7900    0.8250    0.8917    0.8875    0.9250
    0.3917    0.5969    0.6821    0.7625    0.7950    0.8250    0.9000    0.8875    0.9500
    0.4194    0.5250    0.7000    0.8000    0.7800    0.8688    0.8583    0.8625    0.9250


p_hog_yale =

    0.4933    0.6370    0.7833    0.8095    0.8222    0.8400    0.8333    0.8667    0.7667
    0.5467    0.6593    0.7417    0.7714    0.8333    0.8400    0.8000    0.9111    0.7667
    0.4333    0.7037    0.7167    0.7429    0.7778    0.8667    0.8000    0.8667    0.7667
    0.4933    0.6667    0.7250    0.7048    0.7778    0.8000    0.7000    0.8667    0.8667
    0.4867    0.6000    0.6833    0.7810    0.8333    0.7467    0.8167    0.7778    0.8333
    0.4667    0.6519    0.7417    0.8095    0.7333    0.7467    0.8500    0.8222    0.7667
    0.5667    0.6148    0.7167    0.8381    0.8222    0.7867    0.8500    0.8889    0.7667
    0.5000    0.6593    0.7417    0.7810    0.7667    0.8800    0.8500    0.8000    0.7333
    0.4000    0.5556    0.7250    0.8000    0.8667    0.7600    0.8333    0.8000    0.9000
    0.4200    0.7037    0.7500    0.7905    0.8111    0.8000    0.8833    0.8889    0.8667


p_hog_caltech =

    0.5809    0.7396    0.7913    0.8686    0.8696    0.8907    0.8462    0.9167    0.9107
    0.5956    0.6648    0.8006    0.8248    0.8609    0.8743    0.8951    0.9271    0.9643
    0.6103    0.7341    0.8100    0.8504    0.8174    0.8907    0.8601    0.9479    0.9107
    0.5980    0.7064    0.8162    0.8650    0.8739    0.8852    0.8951    0.8750    0.9286
    0.5392    0.7424    0.7975    0.8504    0.8478    0.9016    0.9161    0.8750    0.8393
    0.5564    0.7175    0.8162    0.8832    0.8652    0.8579    0.8881    0.8958    0.8929
    0.5833    0.8255    0.7664    0.8504    0.8652    0.9126    0.8811    0.9271    0.8214
    0.5931    0.7812    0.7882    0.8321    0.8652    0.9071    0.8462    0.8646    0.9286
    0.5613    0.7618    0.7788    0.8394    0.8565    0.8962    0.8671    0.8854    0.9107
    0.5833    0.7756    0.8037    0.7956    0.8522    0.8743    0.8531    0.9063    0.9107
